(0.0, 0.0, 80.0, 80.0)
(80.0, 0.0, 160.0, 80.0)
(160.0, 0.0, 240.0, 80.0)
(240.0, 0.0, 320.0, 80.0)
(320.0, 0.0, 400.0, 80.0)
(0.0, 80.0, 80.0, 160.0)
(80.0, 80.0, 160.0, 160.0)
(160.0, 80.0, 240.0, 160.0)
(240.0, 80.0, 320.0, 160.0)
(320.0, 80.0, 400.0, 160.0)
(0.0, 160.0, 80.0, 240.0)
(80.0, 160.0, 160.0, 240.0)
(160.0, 160.0, 240.0, 240.0)
(240.0, 160.0, 320.0, 240.0)
(320.0, 160.0, 400.0, 240.0)
(0.0, 240.0, 80.0, 320.0)
(80.0, 240.0, 160.0, 320.0)
(160.0, 240.0, 240.0, 320.0)
(240.0, 240.0, 320.0, 320.0)
(320.0, 240.0, 400.0, 320.0)
(0.0, 320.0, 80.0, 400.0)
(80.0, 320.0, 160.0, 400.0)
(160.0, 320.0, 240.0, 400.0)
(240.0, 320.0, 320.0, 400.0)
(320.0, 320.0, 400.0, 400.0)